0.3388,0.876548499,0.876402186,4.6669,5.06E-05,0.188110581,25.92109635,0.099034638,0.899731473
0.3401224,0.913686587,0.913545127,4.6669,4.83E-05,0.197886095,25.94313157,0.099667882,0.908704267
0.3414448,0.900270587,0.900122564,4.6669,5.16E-05,0.203831842,26.14334779,0.099098039,0.905419133
0.3427672,0.897868762,0.897719479,4.6669,5.29E-05,0.204122309,26.28125765,0.0988448,0.910954038
0.3440896,0.895463107,0.895312562,4.6669,5.42E-05,0.204412798,26.41942078,0.099098116,0.91625429
0.345412,0.917369889,0.917217657,4.6669,5.01E-05,0.204316585,26.56378923,0.098971523,0.920701596
0.3467344,0.914968957,0.914815443,4.6669,5.13E-05,0.204605582,26.702079,0.098718285,0.925420798
0.3480568,0.92045736,0.920312427,4.6669,5.21E-05,0.204516882,26.84328147,0.099098247,0.930505024
0.3493792,0.933101578,0.932941225,4.6669,5.00E-05,0.199746382,26.78338129,0.099604837,0.946185947
0.3507016,0.932057848,0.93189994,4.6669,5.03E-05,0.205093572,27.17127644,0.099161648,0.944278954
0.352024,0.929662327,0.929503231,4.6669,5.10E-05,0.205381003,27.2610635,0.099098366,0.946942138
0.3533464,1.069026442,1.000009912,5.58137659,6.02E-05,0.364088076,27.26612911,0.098274893,1.144159835
0.3546688,0.94736521,0.947198922,4.6669,5.02E-05,0.198963863,27.35705591,0.099478375,0.964198646
0.3559912,0.946756619,0.946593178,4.6669,5.05E-05,0.205871667,27.68163158,0.099098501,0.96382622
0.3573136,0.942546199,0.942377258,4.6669,5.07E-05,0.199478072,27.63312891,0.099605094,0.974598023
0.358636,0.964053862,0.963882882,4.6669,5.01E-05,0.197984353,27.79408706,0.099731786,0.975447298
0.3599584,0.96384649,0.963678658,4.6669,5.04E-05,0.206366365,28.10257959,0.099035318,0.980706582
0.3612808,0.961446028,0.961276838,4.6669,5.07E-05,0.20665126,28.24048945,0.099098683,0.985463036
0.3626032,0.941895699,0.941744571,4.6669,4.84E-05,0.198715018,30.952082,0.099414811,1.053955523
0.3639256,0.915806811,0.915646388,4.6669,5.88E-05,0.207587672,28.50681125,0.09916208,0.992919918
0.365248,0.937091869,0.93693821,4.6669,4.82E-05,0.19921414,31.32731329,0.0994148,1.065800068
0.3665704,0.998125552,0.997948257,4.6669,5.33E-05,0.203189063,28.60179057,0.099162172,1.006194754
0.3678928,0.956117612,0.955960775,4.6669,4.86E-05,0.198019408,31.62073582,0.099478202,1.075029896
0.3692152,0.953712089,0.95355395,4.6669,4.82E-05,0.198261879,31.83589543,0.09947844,1.083864866
0.3705376,0.957075049,0.956913792,4.6669,4.90E-05,0.207910386,27.91262111,0.098655314,0.99118029
0.37186,0.981723862,0.981559867,4.6669,4.92E-05,0.190346903,28.14095119,0.098845321,1.002872092
0.3731824,0.92326253,0.923092425,4.6669,5.96E-05,0.209214218,29.47990528,0.099035776,1.029183685
0.3745048,0.976858554,0.976691904,4.6669,4.93E-05,0.190725978,28.40448693,0.09878237,1.012336579
0.3758272,0.947450899,0.94728437,4.6669,5.32E-05,0.209038498,28.12056246,0.098908764,1.000633691
0.3771496,0.934113974,0.934112981,4.6669,5.46E-05,0.210454345,29.88818941,0.098719323,1.041553478
0.378472,1.028097372,1.000006458,4.6669,5.69E-05,0.23451882,30.28469602,0.099099162,1.195348956
0.3797944,0.962835845,0.962682453,4.6669,4.67E-05,0.191467652,27.63515508,0.098845142,1.002637268
0.3811168,0.863272053,0.863090946,4.6669,6.10E-05,0.204101257,30.20934594,0.09941613,1.058035307
0.3824392,0.982314217,0.982155935,4.6669,4.65E-05,0.191496134,27.80472473,0.099415096,1.022441457
0.3837616,0.971967386,0.971780519,4.6669,5.25E-05,0.191717891,30.59749444,0.099669415,1.079672074
0.385084,0.930480929,0.930295657,4.6669,5.81E-05,0.205006985,30.85495147,0.098909608,1.073321547
0.3864064,0.932609254,0.932448829,4.6669,5.11E-05,0.21057957,28.69449011,0.098782033,1.03329156
0.3877288,1.030109395,1.000008488,4.6669,5.66E-05,0.244261891,31.22701682,0.098973036,1.278621822
0.3890512,0.923335813,0.9231464,4.6669,5.51E-05,0.205782691,31.26171594,0.098656489,1.088663642
0.3903736,0.972910117,0.972910117,4.6669,5.37E-05,0.206045238,31.37214517,0.098276785,1.088179496
0.391696,0.994253991,0.99406429,4.6669,5.57E-05,0.212821253,31.35403586,0.09941643,1.10991302
0.3930184,0.916190687,0.915997089,4.6669,5.41E-05,0.206558458,31.6687337,0.098656653,1.104113757
0.3943408,0.986426617,0.986429221,4.6669,5.44E-05,0.193231553,31.7159701,0.098340289,1.107749112
0.3956632,0.911427261,0.911230855,4.6669,5.45E-05,0.207075664,31.94062764,0.098656764,1.114218912
0.3969856,0.947768836,0.947615593,4.6669,4.94E-05,0.204905933,28.25353324,0.098655302,1.043109723
0.398308,0.940767149,0.940588254,4.6669,5.67E-05,0.193773678,30.84520033,0.095616978,1.09708498
0.3996304,0.901832869,0.901632154,4.6669,5.49E-05,0.209655176,32.34194665,0.097643819,1.130332026
0.4009528,1.016352587,1.000004646,4.6669,4.94E-05,0.206395083,28.49668018,0.099161798,1.155453415
0.4022752,0.971643139,0.971439257,4.6669,6.05E-05,0.192203836,32.50062539,0.098593746,1.135177956
0.4035976,0.969227098,0.969021781,4.6669,6.07E-05,0.192385358,32.64005494,0.09897389,1.140172804
0.40492,1.018882521,1.000005649,4.6669,5.57E-05,0.226795433,31.90922106,0.09922633,1.263019394
0.4062424,0.964386709,0.964178508,4.6669,6.09E-05,0.19274805,32.71945769,0.098720736,1.145156539
0.4075648,1.013519324,1.000003523,4.6669,5.91E-05,0.206885961,33.16687317,0.098404223,1.240254933
0.4088872,0.905816998,0.905616811,4.6669,5.40E-05,0.207211908,33.43648753,0.0961879,1.166547467
0.4102096,1.019343296,1.000005499,4.6669,4.79E-05,0.208466329,28.15082911,0.098971784,1.183671411
0.411532,0.994781295,0.994565456,4.6669,5.91E-05,0.207714474,33.88453627,0.099354192,1.193655782
0.4128544,1.062463164,1.00001072,4.6669,6.53E-05,0.278852241,33.70217627,0.099353527,1.419713578
0.4141768,1.032312939,1.000010311,4.6669,5.42E-05,0.223662745,31.1999162,0.098529808,1.374059161
0.4154992,1.034041907,1.000009787,4.6669,4.77E-05,0.219701305,28.68068667,0.098781668,1.300715689
0.4168216,0.947195343,0.947191855,4.6669,5.69E-05,0.196063506,34.1406005,0.097897903,1.192385923
0.418144,0.950485384,0.950483377,4.6669,5.01E-05,0.194042035,32.01800397,0.098276676,1.15844929
0.4194664,0.994874065,0.994690239,4.6669,5.57E-05,0.195345601,31.76029378,0.096947026,1.154717227
0.4207888,0.982591173,0.98236369,4.6669,5.86E-05,0.205865635,35.00478489,0.09916489,1.231510108
0.4221112,0.881487734,0.881273538,4.6669,5.38E-05,0.209711024,34.79393111,0.097771731,1.217423443
0.4234336,0.977830264,0.977599731,4.6669,5.66E-05,0.206356145,35.2709801,0.099101313,1.245630484
0.424756,1.01692015,1.000005718,4.6669,5.82E-05,0.215938992,35.33695908,0.09935435,1.374716466
0.4260784,0.90541294,0.905407197,4.6669,5.65E-05,0.206815613,35.47106979,0.098785057,1.235909217
0.4274008,0.970697861,0.97046272,4.6669,5.63E-05,0.207121212,35.67191923,0.098721608,1.259378464
0.4287232,1.072785498,1.000011179,4.6669,6.52E-05,0.303148246,35.29276232,0.099417598,1.491142451
0.4300456,1.028341827,1.000009709,4.6669,5.96E-05,0.229083338,35.85934504,0.099354886,1.484739813
0.431368,0.90057899,0.900575316,4.6669,6.01E-05,0.198125212,35.61062622,0.099481862,1.257624351
0.4326904,1.006487835,1.000001876,4.6669,5.89E-05,0.202981762,34.49063077,0.09897443,1.276429601
0.4340128,1.00377854,1.000001137,4.6669,5.90E-05,0.200981867,34.6160034,0.098848147,1.263832836
0.4353352,0.913401676,0.913174603,4.6669,5.62E-05,0.21911235,36.2292577,0.09789887,1.275316761
0.4366576,0.999499971,0.999497408,4.6669,5.63E-05,0.197414318,34.91841735,0.098404815,1.246382899
0.43798,0.838724815,0.838491742,4.6669,5.31E-05,0.208946546,36.59891694,0.098848812,1.273722752
0.4393024,1.00896064,1.000002561,4.6669,5.88E-05,0.205235679,35.46157194,0.098595137,1.329882719
0.4406248,0.986821762,0.986615677,4.6669,5.70E-05,0.198291425,34.23988542,0.097391204,1.266268463
0.4419472,0.902190788,0.902185483,4.6669,5.30E-05,0.199535782,34.65475468,0.098214415,1.264666911
0.4432696,1.070816855,1.000016987,4.6669,5.70E-05,0.268039674,34.28762846,0.097200943,1.637655538
0.444592,1.058879983,1.000019137,4.6669,4.85E-05,0.248778186,31.79613266,0.098023412,1.622360887
0.4459144,0.983662262,0.98341671,4.6669,5.72E-05,0.193877732,37.68332676,0.098216116,1.327999199
0.4472368,1.031777798,1.00000909,4.6669,6.02E-05,0.218294001,32.05472951,0.097643151,1.423571589
0.4485592,0.978522381,0.978274905,4.6669,5.72E-05,0.19594306,37.78362497,0.099102746,1.340201384
0.4498816,0.981420628,0.981416368,4.6669,5.88E-05,0.199620071,37.8822768,0.09903948,1.335728131
0.451204,1.092009501,1.000018693,4.6669,5.66E-05,0.317484216,35.14902702,0.098783589,1.793187061
0.4525264,0.971620792,0.971367487,4.6669,5.71E-05,0.194721759,38.34932141,0.098216513,1.350671691
0.4538488,0.901564481,0.901556698,4.6669,5.49E-05,0.197032114,38.55283029,0.098153268,1.34884668
0.4551712,1.085499894,1.00001424,4.6669,6.48E-05,0.334504872,38.19798807,0.099545686,1.639374817
0.4564936,1.008361741,1.000002608,4.6669,6.13E-05,0.208422236,38.66389283,0.099483322,1.425817183
0.457816,1.081094482,1.000014024,4.6669,6.51E-05,0.325826978,38.47330132,0.099546203,1.648999539
0.4591384,1.085391666,1.000014274,4.6669,6.52E-05,0.33517475,38.5903158,0.099545924,1.656169621
0.4604608,0.977953252,0.977949355,4.6669,5.99E-05,0.20037567,38.64527719,0.099483703,1.361931901
0.4617832,1.073047106,1.000015264,4.6669,5.98E-05,0.264514665,37.37787388,0.098216267,1.68061396
0.4631056,1.005122623,1.000001324,4.6669,5.99E-05,0.204369249,39.11105541,0.099293828,1.410330446
0.464428,1.03020901,1.000009574,4.6669,5.69E-05,0.221444724,35.00681155,0.099101131,1.532746928
0.4657504,1.14055716,1.000041871,6.69878167,5.30E-05,0.398435902,35.15991813,0.099226073,2.235223695
0.4670728,1.117429042,1.000015434,4.739170358,6.22E-05,0.341543,39.29354244,0.098724311,1.693297695
0.4683952,1.102751966,1.000022287,4.66854266,6.04E-05,0.340060752,38.3096837,0.099291956,1.84762492
0.4697176,0.965879584,0.965873255,4.6669,6.27E-05,0.201650875,40.00208752,0.097647753,1.408230208
0.47104,1.097964968,1.000021751,4.6669,6.09E-05,0.33240926,38.58436376,0.099102756,1.84935334
0.4723624,0.941740552,0.941733277,4.6669,5.88E-05,0.202378424,40.22712512,0.097774561,1.417594212
0.4736848,1.104381316,1.000033473,4.6669,5.99E-05,0.263461251,37.92837366,0.098152425,2.072468277
0.4750072,0.955096196,0.955089135,4.6669,5.95E-05,0.202379908,40.54131655,0.097521766,1.429193042
0.4763296,1.034370724,1.000009691,4.6669,5.20E-05,0.22037956,35.12293946,0.097391175,1.56227983
0.477652,1.097325019,1.000021064,4.6669,4.82E-05,0.335143626,35.29352221,0.098025306,2.168864929
0.4789744,1.093011799,1.000015315,4.6669,6.32E-05,0.307834123,40.71911796,0.099673844,1.753735075
0.4802968,1.09032896,1.000014534,4.6669,6.37E-05,0.304178075,40.67846696,0.097267793,1.738721003
0.4816192,1.08762112,1.000014443,4.6669,6.39E-05,0.300444816,40.81713671,0.097267884,1.743123662
0.4829416,1.084906817,1.000014352,4.6669,6.41E-05,0.296702032,40.95542654,0.096128226,1.747638062
0.484264,1.082168549,1.000014907,4.6669,6.41E-05,0.29288795,41.27367033,0.099358039,1.772329028
0.4855864,1.079488054,1.00001417,4.6669,6.44E-05,0.289230995,41.23263941,0.09536858,1.756730184
0.4869088,1.076750102,1.0000147,4.6669,6.46E-05,0.285419577,41.55012336,0.099358232,1.781637183
0.4882312,1.074068968,1.000013988,4.6669,6.49E-05,0.281759496,41.509599,0.094609673,1.765971297
0.4895536,1.072175322,1.00001393,4.6669,6.51E-05,0.279226653,41.64560934,0.094229115,1.770686833
0.490876,1.076434161,1.000014757,4.6669,6.54E-05,0.285730654,41.91636352,0.099801327,1.797582811
0.4921984,1.00505843,1.000001576,4.6669,5.54E-05,0.206851883,38.10250236,0.099166161,1.471805582
0.4935208,1.058686401,1.000016054,4.6669,6.50E-05,0.252204227,40.93655722,0.094672347,1.831472781
0.4948432,1.137167669,1.000037231,4.865376739,5.46E-05,0.347479112,38.42416548,0.099671016,2.271771907
0.4961656,1.021366015,1.000006673,4.6669,5.81E-05,0.216915987,38.36109936,0.097203641,1.599912158
0.497488,1.099390903,1.000021317,4.6669,6.34E-05,0.303413567,41.17299246,0.097774845,1.937566618
0.4988104,1.096671067,1.000020033,4.6669,6.72E-05,0.300238841,41.29975815,0.094609335,1.926716743
0.5001328,1.09395769,1.000019776,4.6669,6.74E-05,0.297036581,41.43830126,0.094419481,1.92882501
0.5014552,1.09124127,1.000019517,4.6669,6.61E-05,0.293830206,41.57709766,0.094166309,1.929730208
0.5027776,1.088946227,1.000019984,4.6669,6.44E-05,0.291128818,41.90407953,0.099674847,1.951661197
0.5041,1.093226286,1.000020537,4.6669,6.54E-05,0.296807829,42.02020756,0.099547678,1.964958374
0.5054224,1.02228861,1.00000715,4.6669,5.48E-05,0.217491877,37.99789867,0.097203796,1.630111575
0.5067448,1.075845567,1.000020756,4.6669,6.03E-05,0.266587668,40.79244219,0.093214873,1.967315288
0.5080672,1.041320762,1.000013222,4.6669,5.55E-05,0.228315465,38.28574918,0.096633681,1.777802386
0.5093896,1.038583086,1.000012404,4.6669,5.45E-05,0.226946449,38.42327917,0.096633763,1.765473816
0.510712,1.148977767,1.000044162,4.729657929,5.05E-05,0.344789685,38.59956069,0.099418707,2.459637059
0.5120344,1.092437097,1.000023906,4.6669,6.13E-05,0.285470784,41.372449,0.094861398,2.055348291
0.5133568,1.111114721,1.000027046,4.6669,6.07E-05,0.305984484,41.69765793,0.099673663,2.135752878
0.5146792,1.108419305,1.000026895,4.6669,6.17E-05,0.303210382,41.66853108,0.097584984,2.124038877
0.5160016,1.105769169,1.000026511,4.6669,6.20E-05,0.300486908,41.806441,0.097458451,2.126165772
0.517324,1.110044168,1.000027316,4.6669,6.15E-05,0.305488671,41.9091453,0.097901765,2.143682997
0.5186464,1.095710578,1.000026643,4.6669,5.68E-05,0.280560228,40.91350902,0.099737588,2.151481602
0.5199688,1.092992059,1.000026171,4.6669,5.70E-05,0.278082869,41.05179886,0.099799766,2.147153633
0.5212912,1.114756267,1.000030985,4.6669,5.56E-05,0.299430457,41.03115682,0.09853325,2.234497245
0.5226136,1.112020978,1.000030512,4.6669,5.58E-05,0.296935084,41.16969993,0.098598479,2.23029964
0.523936,1.109310078,1.000030038,4.6669,5.62E-05,0.294465119,41.31989383,0.097837866,2.22645588
0.5252584,1.153029169,1.00004631,4.6669,5.94E-05,0.298869998,43.40019333,0.099105816,2.550801751
0.5265808,1.119515003,1.000029208,4.6669,6.32E-05,0.314869383,42.89768972,0.099801104,2.230706957
0.5279032,1.12559384,1.000033815,4.6669,5.59E-05,0.310818892,41.74641414,0.099422072,2.31945004
0.5292256,1.122863144,1.000033344,4.6669,5.58E-05,0.308325525,41.87292655,0.099420148,2.315770168
0.530548,1.126836668,1.000034265,4.6669,5.59E-05,0.312437692,41.97601077,0.099041291,2.333641233
0.5318704,1.180952793,1.000057588,4.6669,5.28E-05,0.300738317,43.41867731,0.09923237,2.790322694
0.5331928,1.110173051,1.000032473,4.6669,5.24E-05,0.287408114,40.95074107,0.095937887,2.28597956
0.5345152,1.131911565,1.000037593,4.6669,5.17E-05,0.306596918,41.27987581,0.099293789,2.418995123
0.5358376,1.129197046,1.000037234,4.6669,5.11E-05,0.304377155,41.24834282,0.096192344,2.402003258
0.53716,1.126475789,1.00003671,4.6669,5.12E-05,0.30215222,41.3770081,0.09625576,2.398628807
0.5384824,1.126017863,1.000036711,4.6669,4.79E-05,0.301969046,41.50744632,0.098282068,2.412737968
0.5398048,1.148411289,1.000049761,4.6669,4.70E-05,0.276853323,42.24803135,0.098281686,2.651884719
0.5411272,1.161799932,1.000053138,4.6669,4.72E-05,0.287450232,42.598948,0.097965079,2.7444131
0.5424496,1.207664958,1.00006674,4.778050768,4.55E-05,0.323193073,50.03986834,0.09941884,3.026367057
0.543772,1.143618164,1.000041309,4.6669,4.83E-05,0.318949544,42.21421874,0.09980095,2.548610652
0.5450944,1.198717831,1.000065393,4.6669,4.70E-05,0.306309571,49.42503558,0.099798097,3.007065075
0.5464168,1.211001569,1.000068724,4.6669,4.50E-05,0.309424351,51.89411415,0.099417226,3.095811989
0.5477392,1.174700832,1.00005829,4.6669,4.66E-05,0.29917409,43.98526101,0.099039697,2.879682492
0.5490616,1.211334173,1.000069883,4.6669,4.54E-05,0.306453794,52.90368005,0.099356049,3.099577842
0.550384,1.187763125,1.000063206,4.6669,4.71E-05,0.299858339,47.83001848,0.099293852,2.978985163
0.5517064,1.185027089,1.000062619,4.6669,4.72E-05,0.298250678,47.41362973,0.099292122,2.974657197
0.5530288,1.192098857,1.000063935,4.6669,4.69E-05,0.314054489,48.18055618,0.099484994,3.040510494
0.5543512,1.179539237,1.000061347,4.6669,4.79E-05,0.295028049,46.54893923,0.099545613,2.975190042
0.5556736,1.176801911,1.000060743,4.6669,4.80E-05,0.293418419,46.11646734,0.099294315,2.970091072
0.556996,1.215086444,1.000078256,4.6669,5.02E-05,0.286453314,59.43837852,0.09948528,3.281169491
0.5583184,1.195650435,1.000066842,4.6669,4.72E-05,0.307475627,50.55300949,0.099357645,3.102048904
0.5596408,1.216092045,1.000070624,4.6669,4.48E-05,0.329273942,53.01765521,0.099544134,3.382538043
0.5609632,1.186649119,1.000064785,4.6669,4.66E-05,0.293113017,49.25470636,0.099293601,3.052465325
0.5622856,1.183896842,1.000064118,4.6669,4.71E-05,0.291621339,48.8064046,0.099545081,3.057225565
0.563608,1.2176357,1.000073354,4.6669,4.57E-05,0.321606228,55.35844992,0.099354523,3.345150131
0.5649304,1.206276137,1.00007116,4.6669,4.73E-05,0.316700801,53.76229396,0.09929252,3.232442711
0.5662528,1.218662107,1.000074899,4.6669,4.58E-05,0.318634406,56.63066502,0.099481385,3.339097761
0.5675752,1.219171115,1.000075209,4.6669,4.54E-05,0.320357814,56.79263627,0.099293775,3.366042126
0.5688976,1.218004151,1.000075759,4.6669,4.60E-05,0.315666511,57.37365596,0.099167295,3.331972684
0.57022,1.215256683,1.000075135,4.6669,4.64E-05,0.3141821,56.95549426,0.099545009,3.33629714
0.5715424,1.212521313,1.000074591,4.6669,4.62E-05,0.312697791,56.54885672,0.099101892,3.323730193
0.5728648,1.209779882,1.000073997,4.6669,4.63E-05,0.311213976,56.12752905,0.099230895,3.319428303
0.5741872,1.212211473,1.000075112,4.6669,4.68E-05,0.312932681,56.9147168,0.09916533,3.346875509
0.5755096,1.212807162,1.000075387,4.6669,4.73E-05,0.313941128,57.19357583,0.099292025,3.365752243
0.576832,1.190699224,1.000067496,4.6669,4.61E-05,0.270541679,51.22520838,0.099418235,2.974120455
0.5781544,1.221318303,1.000078466,4.6669,4.89E-05,0.320336297,59.51005549,0.099041221,3.449039819
0.5794768,1.149783652,1.00005493,4.6669,4.88E-05,0.268027632,44.68874517,0.098851935,2.994410376
0.5807992,1.148343425,1.00005439,4.6669,4.85E-05,0.263296516,44.83007436,0.099039893,2.956444696
0.5821216,1.15257715,1.00005567,4.6669,4.85E-05,0.266447297,44.97127691,0.099107665,2.996976668
0.583444,1.219581028,1.000079059,4.6669,4.92E-05,0.32030943,59.9648163,0.099418989,3.486350277
0.5847664,1.218640238,1.00007886,4.6669,4.99E-05,0.318237242,59.89579816,0.099545711,3.494827734
0.5860888,1.17180352,1.000062895,4.6669,5.03E-05,0.287263846,48.8793503,0.09891338,3.214118074
0.5874112,1.157304736,1.000058579,4.6669,4.97E-05,0.277637518,45.59306996,0.098660486,3.121992195
0.5887336,1.180362126,1.000066495,4.6669,5.05E-05,0.287991544,51.29650792,0.09195058,3.236715871
0.590056,1.184618435,1.000068006,4.6669,5.07E-05,0.291030679,52.47425015,0.092075042,3.277836347
0.5913784,1.188874765,1.00006952,4.6669,5.09E-05,0.294069822,53.65591819,0.092077343,3.319064839
0.5927008,1.202307003,1.000075102,4.6669,5.04E-05,0.309377578,57.21105324,0.099169031,3.46573129
0.5940232,1.199584188,1.00007445,4.6669,5.06E-05,0.307900641,56.74261591,0.0992933,3.460386504
0.5953456,1.182828601,1.000068266,4.6669,4.99E-05,0.29964195,53.1768434,0.098913674,3.408244984
0.596668,1.187082642,1.000070052,4.6669,4.96E-05,0.303488007,54.58595497,0.09910365,3.458151961
0.5979904,1.191417917,1.000072454,4.6669,5.20E-05,0.303471435,55.30235156,0.099167036,3.443219855
0.5993128,1.188695659,1.000071774,4.6669,5.22E-05,0.301994965,54.81048603,0.098977224,3.437282851
0.6006352,1.191173626,1.000072941,4.6669,5.18E-05,0.303711786,55.64313717,0.099296396,3.466164069
0.6019576,1.188449099,1.000072233,4.6669,5.20E-05,0.302231121,55.14177372,0.099106567,3.467482734
0.60328,1.185731626,1.00007156,4.6669,5.22E-05,0.300758833,54.64395616,0.098914225,3.453809583
0.6046024,1.183010816,1.00007086,4.6669,5.24E-05,0.299282521,54.13524765,0.098661104,3.447451696
0.6059248,1.10458756,1.000043351,4.6669,5.35E-05,0.243240676,47.11856926,0.098789443,2.889954396
0.6072472,1.188910847,1.000073248,4.6669,5.28E-05,0.303914874,55.94935066,0.099421003,3.515073332
0.6085696,1.129277511,1.000051428,4.6669,5.14E-05,0.255964809,47.29472433,0.098474997,3.055728262
0.609892,1.197464134,1.000076546,4.6669,5.32E-05,0.310321764,58.44363141,0.099104385,3.60420122
0.6112144,1.210995372,1.000081721,4.6669,5.13E-05,0.324559513,63.88074766,0.099170307,3.822325495
0.6125368,1.210614138,1.000082168,4.6669,5.10E-05,0.323087737,64.14681618,0.098981121,3.843857949
0.6138592,1.06890829,1.000030207,4.6669,4.85E-05,0.21468553,48.42193816,0.096324611,2.507297249
0.6151816,1.194493227,1.000076414,4.6669,5.47E-05,0.307748574,58.40614673,0.099107574,3.632319265
0.616504,1.191790628,1.000075706,4.6669,5.49E-05,0.306278261,57.89300587,0.098601156,3.626028429
0.6178264,1.129236133,1.000052879,4.6669,5.54E-05,0.265081078,48.76500352,0.098219909,3.198600366
0.6191488,1.181163035,1.000072323,4.6669,5.59E-05,0.300142686,55.44165617,0.098282218,3.576390015
0.6204712,1.137781642,1.000056095,4.6669,5.59E-05,0.271471772,49.05057465,0.098473168,3.289694888
0.6217936,1.144082028,1.000059142,4.6669,5.03E-05,0.249058459,46.53742273,0.098535311,3.056890157
0.623116,1.178266481,1.00007206,4.6669,5.59E-05,0.298919593,55.23282893,0.098158653,3.59203404
0.6244384,1.17556615,1.000071311,4.6669,5.61E-05,0.297450932,54.68473573,0.098219406,3.584923783
0.6257608,1.167636115,1.00006857,4.6669,5.69E-05,0.292786936,52.68839963,0.098346307,3.540127314
0.6270832,1.172832694,1.000068235,4.6669,5.20E-05,0.280169451,53.84689237,0.096072766,3.454381534
0.6284056,1.122739232,1.000051881,4.6669,4.55E-05,0.226219271,48.37178856,0.094804504,2.863483618
0.629728,1.149082322,1.000061503,4.6669,5.16E-05,0.271016691,50.1078843,0.095946612,3.344012722
0.6310504,1.133764817,1.000055541,4.6669,5.04E-05,0.258866011,50.15537406,0.09620005,3.224100861
0.6323728,1.162482125,1.000067791,4.6669,5.64E-05,0.290724403,52.11586563,0.098093658,3.564174498
0.6336952,1.145530093,1.000060559,4.6669,5.04E-05,0.263867378,50.43448662,0.096073482,3.293271631
0.6350176,1.214294353,1.000083097,4.6669,5.26E-05,0.308156316,65.52502936,0.098793327,3.823906861
0.63634,1.169938833,1.000071037,4.6669,5.71E-05,0.296722471,54.59798919,0.098223281,3.662670101
0.6376624,1.018931884,1.00000777,4.6669,5.71E-05,0.199844599,50.83656576,0.097340025,2.26365103
0.6389848,1.143779694,1.000060192,4.6669,5.55E-05,0.274824581,50.92230051,0.097907838,3.457451933
0.6403072,1.17597583,1.000070891,4.6669,5.36E-05,0.285092163,56.08245073,0.096264215,3.583178293
0.6416296,1.070379537,1.000032578,4.6669,5.84E-05,0.230343169,51.17659183,0.098099205,2.9315442
0.642952,1.161937048,1.000066577,4.6669,5.58E-05,0.280348947,52.66370629,0.09866693,3.572380803
0.6442744,1.154129471,1.000062796,4.6669,5.01E-05,0.245385865,56.39512686,0.0892342,3.316706319
0.6455968,1.130225351,1.000056483,4.6669,5.15E-05,0.255164266,51.59424759,0.096644749,3.259110298
0.6469192,1.022258685,1.000010551,4.6669,5.28E-05,0.198951795,51.76609681,0.097024222,2.268281925
0.6482416,1.159448162,1.000064448,4.6669,5.67E-05,0.28781876,52.08826648,0.096894366,3.692252415
0.649564,1.030847834,1.000014635,4.6669,5.20E-05,0.203259174,52.08269452,0.097151171,2.377623623
0.6508864,1.11596988,1.000050236,4.6669,5.66E-05,0.249721049,52.15082645,0.096832041,3.232665769
0.6522088,1.155605525,1.000061962,4.6669,6.05E-05,0.312623286,52.24643905,0.096518308,3.984114542
0.6535312,1.061535095,1.000029502,4.6669,6.00E-05,0.218637459,52.5019966,0.096835031,2.743814891
0.6548536,1.060521684,1.000028987,4.6669,6.03E-05,0.220785228,52.63205498,0.09696183,2.796716517
0.656176,1.077336867,1.00003503,4.6669,6.38E-05,0.252343684,52.72741429,0.098732744,3.279601349
0.6574984,0.975225522,0.975217303,4.6669,4.77E-05,0.188636949,55.00362281,0.094112704,2.113020486
0.6588208,1.057478287,1.00002715,4.6669,6.10E-05,0.227242264,53.13126625,0.096772355,2.957604054
0.6601432,1.06849407,1.000030545,4.6669,6.42E-05,0.255954856,53.17090443,0.098353208,3.345088957
0.6614656,1.054396569,1.00002532,4.6669,6.08E-05,0.229967373,53.31729923,0.096836972,3.03523392
0.662788,1.069298143,1.000031101,4.6669,6.21E-05,0.24874748,53.44165887,0.098543025,3.281605617
0.6641104,1.040766502,1.000019261,4.6669,6.11E-05,0.226164709,53.34756631,0.096710689,2.954461093
0.6654328,1.067269474,1.000029302,4.6669,5.91E-05,0.244050056,53.71507273,0.096710594,3.229661692
0.6667552,1.038219657,1.000017894,4.6669,6.16E-05,0.229629354,53.63681004,0.096773385,3.047637731
0.6680776,1.130680883,1.000047768,4.6669,6.07E-05,0.316768813,53.99253905,0.098668865,4.185859041
0.6694,1.048305442,1.000020045,4.6669,6.23E-05,0.248185508,54.17882512,0.096710404,3.308871418
0.6707224,1.166413826,1.00005931,4.6669,6.04E-05,0.35605083,62.44822098,0.093920064,4.818862705
0.6720448,1.083794449,1.000040323,4.6669,5.23E-05,0.226141168,56.14540166,0.096901384,3.090777236
0.6733672,1.04526547,1.000017378,4.6669,6.24E-05,0.257287472,54.54797823,0.096331012,3.442412464
0.6746896,1.043925811,1.000016572,4.6669,6.25E-05,0.260324429,54.69120708,0.096394508,3.488725164
0.676012,1.042529911,1.000026286,4.6669,6.26E-05,0.26336126,54.83418265,0.096269089,3.535045315
0.6773344,1.045011327,1.000027755,4.6669,6.27E-05,0.266400892,54.97741149,0.096394863,3.581499553
0.6786568,1.130420666,1.000046482,4.6669,6.16E-05,0.345083439,63.41840308,0.093292269,4.736161141
0.6799792,1.080899547,1.000032479,4.6669,6.14E-05,0.312654,55.27906587,0.096459326,4.179334855
0.6813016,1.093048865,1.000036541,4.6669,5.83E-05,0.274890954,53.87615691,0.093481238,3.75683626
0.682624,1.054943061,1.000033632,4.6669,6.48E-05,0.278556507,55.61529267,0.096333355,3.77678836
0.6839464,1.057423822,1.0000351,4.6669,6.49E-05,0.281593421,55.75902808,0.096395768,3.825995137
0.6852688,1.059778806,1.000036497,4.6669,6.50E-05,0.284118515,55.50689014,0.096016035,3.856809481
0.6865912,1.061111545,1.000037314,4.6669,6.52E-05,0.282484124,52.04420158,0.09607954,3.73746365
0.6879136,1.044065101,1.000023834,4.6669,5.81E-05,0.21797079,53.97835547,0.094051727,3.412520922
0.689236,1.035533206,1.000022674,4.6669,5.83E-05,0.207005561,54.09081104,0.094051904,3.129718184
0.6905584,1.059088372,1.000035878,4.6669,6.17E-05,0.27158661,46.88188357,0.09633376,3.364120791
0.6918808,1.040458721,1.000025835,4.6669,5.88E-05,0.211031844,54.42450505,0.095002051,3.25572777
0.6932032,1.042877576,1.00002745,4.6669,5.88E-05,0.213011035,54.51682504,0.095318834,3.316652342
0.6945256,1.080897136,1.000042197,4.6669,5.63E-05,0.208981843,113.046681,0.057382829,4.759199874
0.695848,1.059277369,1.00002912,4.6669,5.94E-05,0.25061072,54.70956991,0.095445846,4.041447108
0.6971704,1.061023865,1.00002963,4.6669,5.95E-05,0.255331816,54.85419179,0.095446031,4.133807887
0.6984928,1.061316764,1.000039178,4.6669,5.97E-05,0.255697692,54.61091856,0.095382897,4.137294323
0.6998152,1.061404303,1.000039327,4.6669,5.95E-05,0.249047692,55.18320017,0.095256446,4.041857326
0.7011376,1.075773192,1.000036651,4.6669,5.54E-05,0.25792724,72.13926692,0.087593045,4.596895555
0.70246,1.075362191,1.000036268,4.6669,5.57E-05,0.260721677,72.39571098,0.087276622,4.660297037
0.7037824,1.060579971,1.000030352,4.6669,4.85E-05,0.182875201,145.0919046,0.071564225,4.996069408
0.7051048,1.058017736,1.000037221,4.6669,5.91E-05,0.229174092,48.9338135,0.093040112,3.36109155
0.7064272,1.009525471,1.000004557,4.6669,4.45E-05,0.160327651,140.5865975,0.065234293,4.255027752
0.7077496,1.065468464,1.000040428,4.6669,5.76E-05,0.245541974,63.86809933,0.095446546,4.204745034
0.709072,1.031699524,1.000016913,4.6669,4.95E-05,0.163529702,117.0787382,0.076949446,4.091586109
0.7103944,1.074191003,1.000035207,4.6669,5.45E-05,0.269535498,72.77588134,0.086896917,4.817627238
0.7117168,1.066601061,1.000042535,4.6669,6.02E-05,0.260405964,56.1270421,0.098424169,4.313212112
0.7130392,1.066616001,1.000042231,4.6669,6.05E-05,0.276973039,55.6414981,0.098672137,4.570140343
0.7143616,1.067403471,1.00004302,4.6669,5.97E-05,0.266199928,56.64460545,0.098794621,4.272207834
0.715684,1.068376181,1.000045251,4.6669,6.03E-05,0.247982724,59.72889715,0.09879509,4.114460628
0.7170064,1.067133145,1.000042807,4.6669,6.05E-05,0.268905707,56.05902659,0.098667252,4.472941427
0.7183288,1.067538562,1.000042,4.6669,6.03E-05,0.261122707,55.55538365,0.098794497,4.248507817
0.7196512,1.067710819,1.000043035,4.6669,6.08E-05,0.266368127,56.49529781,0.09880532,4.251305038
0.7209736,1.067900743,1.000042872,4.6669,6.01E-05,0.280320034,57.55502438,0.098294088,4.785084757
0.722296,1.068000246,1.000042823,4.6669,6.03E-05,0.283134757,56.34206462,0.098362887,4.737975141
0.7236184,1.068931105,1.000045514,4.6669,6.03E-05,0.265616922,59.74763927,0.098541441,4.317608355
0.7249408,1.067076621,1.000043783,4.6669,5.57E-05,0.288405853,65.24656567,0.095511166,5.042856232
0.7262632,1.067932539,1.000042972,4.6669,5.49E-05,0.258939411,65.50946788,0.095510926,4.5037065
0.7275856,1.067203509,1.000043747,4.6669,5.42E-05,0.286742422,64.84296689,0.095700678,4.978463757
0.728908,1.066914528,1.000042134,4.6669,5.34E-05,0.285930303,64.97353141,0.095510486,4.949150402
0.7302304,1.066972075,1.000042093,4.6669,5.27E-05,0.28510024,64.77154206,0.095572417,4.917404852
0.7315528,1.020495262,1.000010644,4.6669,4.99E-05,0.192858817,147.7937476,0.060421412,5.039556302
0.7328752,1.070434973,1.000047713,4.6669,5.71E-05,0.21734196,63.78844441,0.095126283,4.345765846
0.7341976,1.019646435,1.000012053,4.6669,5.03E-05,0.190594426,148.5677652,0.057382526,5.006988102
0.73552,1.06943806,1.000045241,4.6669,5.29E-05,0.208859535,79.73963105,0.088480945,4.528202963
0.7368424,1.070569022,1.000047455,4.6669,5.65E-05,0.2166341,65.23744683,0.094999308,4.351088086
0.7381648,1.069489725,1.000044205,4.6669,5.74E-05,0.231225527,64.5774059,0.096773305,4.712065323
0.7394872,1.070796129,1.000047528,4.6669,5.67E-05,0.226880311,65.7721175,0.094878708,4.636402274
0.7408096,1.069911837,1.000045387,4.6669,5.50E-05,0.21691058,64.21774936,0.095510236,4.292531931
0.742132,1.070929739,1.000047715,4.6669,5.34E-05,0.216268131,84.05333455,0.088983571,4.851970795
0.7434544,1.021748634,1.000013207,4.6669,4.83E-05,0.186912848,148.22546,0.050670833,4.918020528
0.7447768,1.070120373,1.000045158,4.6669,5.62E-05,0.23430394,71.3528426,0.091649357,4.952001087
0.7460992,1.069948305,1.000044896,4.6669,5.47E-05,0.23705889,80.25214106,0.088033962,5.256194933
0.7474216,1.07122782,1.000047224,4.6669,5.64E-05,0.229298286,80.62635935,0.093232551,5.294634126
0.748744,1.070391298,1.000045101,4.6669,5.42E-05,0.23477847,80.35003306,0.089237189,5.202842843
0.7500664,1.071374077,1.000047155,4.6669,5.53E-05,0.237206779,81.14013398,0.089048113,5.47296428
0.7513888,1.038888402,1.000024079,4.6669,4.97E-05,0.199359129,150.4172016,0.05092367,5.458322229
0.7527112,1.07151375,1.000047146,4.6669,5.37E-05,0.24522495,76.8528999,0.091143883,5.399111458
0.7540336,1.071583503,1.00004716,4.6669,5.31E-05,0.244319936,76.62988848,0.091143645,5.359473322
0.755356,1.071654516,1.000047097,4.6669,5.30E-05,0.244914986,75.42669172,0.088731014,5.32524721
0.7566784,1.0711923,1.000044993,4.6669,5.06E-05,0.236376498,95.2342884,0.08911033,5.653956647
0.7580008,1.071817038,1.000046937,4.6669,5.72E-05,0.274645425,64.99822182,0.094684729,5.605146949
0.7593232,1.071343029,1.000044996,4.6669,4.99E-05,0.234937811,94.72849203,0.089046733,5.584614114
0.7606456,1.071957856,1.000046532,4.6669,5.29E-05,0.265279232,65.05280301,0.09165254,5.715687346
0.761968,1.07202757,1.00004667,4.6669,5.22E-05,0.264402784,63.91659828,0.092158835,5.676786689
0.7632904,1.072097288,1.000046651,4.6669,5.22E-05,0.263528449,62.78406607,0.092095256,5.63792328
0.7646128,1.052049526,1.000032357,4.6669,4.73E-05,0.207827105,152.7115198,0.046870517,5.829910527
0.7659352,1.051143927,1.000031704,4.6669,4.63E-05,0.207024949,152.2618247,0.046490531,5.789121494
0.7672576,1.05023586,1.000031051,4.6669,4.42E-05,0.206220818,151.7534958,0.046997018,5.747073521
0.76858,1.049332757,1.000030406,4.6669,4.43E-05,0.20542073,151.3624346,0.038828786,5.708005289
0.7699024,1.072444398,1.000046541,4.6669,5.14E-05,0.253402254,66.09112183,0.089111166,5.479552886
0.7712248,1.047518119,1.000029115,4.6669,4.14E-05,0.203813544,150.3821221,0.038828649,5.625294926
0.7725472,1.027031038,1.000012277,4.6669,3.34E-05,0.182125358,68.97974314,0.084291587,2.575096402
0.7738696,1.072648198,1.000046736,4.6669,4.87E-05,0.255729557,61.66684986,0.095062265,5.160347746
0.775192,1.072719609,1.00004661,4.6669,4.76E-05,0.253462116,65.09839818,0.091712465,5.273719197
0.7765144,1.072777435,1.000046466,4.6669,4.21E-05,0.231588,87.67685321,0.090058896,5.296851964
0.7778368,1.07284735,1.000046328,4.6669,4.17E-05,0.230508826,87.45434836,0.089995433,5.258536099
0.7791592,1.034006063,1.00002004,4.6669,3.71E-05,0.202469844,161.9280459,0.041930902,5.617617159
0.7804816,1.073001475,1.000046308,4.6669,4.74E-05,0.256159155,61.40280731,0.088856598,5.114891288
0.781804,1.032164096,1.000018815,4.6669,3.57E-05,0.200857363,160.9191131,0.044337473,5.538564446
0.7831264,1.073142812,1.0000466,4.6669,4.58E-05,0.258567221,61.43421363,0.088286575,5.152864117
0.7844488,1.073210802,1.000046313,4.6669,4.39E-05,0.253543488,61.30364881,0.088982798,5.004644225
0.7857712,1.073266962,1.000046322,4.6669,3.90E-05,0.234339975,72.57680506,0.092152161,4.813422166
0.7870936,1.073347099,1.00004649,4.6669,4.12E-05,0.248292187,61.28047374,0.091457075,4.787945998
0.788416,1.073416882,1.000046463,4.6669,4.05E-05,0.247384917,61.23982257,0.091456856,4.74859095
0.7897384,1.034886705,1.000020091,4.6669,3.65E-05,0.211462525,155.1025857,0.044273201,5.430615532
0.7910608,1.030170733,1.00001713,4.6669,3.48E-05,0.207857138,157.5455772,0.045033273,5.386611974
0.7923832,1.07363216,1.000046369,4.6669,4.07E-05,0.253187368,61.13775137,0.087905717,4.895048653
0.7937056,1.073700091,1.000046298,4.6669,3.90E-05,0.248986621,61.0541696,0.089235125,4.60950757
0.795028,1.073756848,1.00004615,4.6669,3.97E-05,0.229223034,70.73927249,0.085308773,4.554962387
0.7963504,1.073839666,1.000046329,4.6669,3.89E-05,0.247308492,60.98768402,0.087399235,4.533233417
0.7976728,1.07390656,1.000046118,4.6669,3.90E-05,0.242470346,60.91625959,0.08955109,4.500485744
0.7989952,1.073976375,1.000046089,4.6669,3.93E-05,0.241667792,60.87269573,0.089360997,4.466132938
0.8003176,1.074062097,1.000046139,4.6669,4.00E-05,0.263810747,60.79975163,0.090445269,4.438385136
0.80164,1.07413187,1.000046112,4.6669,3.97E-05,0.263008715,60.7592271,0.090888283,4.403916859
0.8029624,1.074190711,1.000046163,4.6669,4.18E-05,0.247155915,60.8072232,0.088094592,4.620483211
0.8042848,1.074263082,1.000046143,4.6669,4.06E-05,0.24938582,60.72566766,0.091203076,3.980815267
0.8056072,1.07431564,1.000045855,4.6669,4.14E-05,0.222791007,68.98038258,0.090056113,4.284237137
0.8069296,1.07440024,1.000045948,4.6669,4.23E-05,0.244958568,60.65905544,0.088284158,4.520289083
0.808252,1.074470089,1.000045919,4.6669,4.21E-05,0.244223846,60.61435182,0.08815739,4.488063072
0.8095744,1.074550759,1.000045926,4.6669,4.04E-05,0.258218444,60.49987015,0.090886983,4.205416965
0.8108968,1.07462039,1.000045926,4.6669,4.08E-05,0.257470085,60.4641579,0.091203369,4.172952569
0.8122192,1.074690188,1.000045898,4.6669,4.24E-05,0.256722198,60.42021413,0.090949881,4.141199586
0.8135416,1.074759989,1.000045813,4.6669,4.28E-05,0.255979892,60.37335765,0.09120295,4.10880596
0.814864,1.074829946,1.000045766,4.6669,4.36E-05,0.255231859,60.32358848,0.091139424,4.078457178
0.8161864,1.07489965,1.000045751,4.6669,4.36E-05,0.254481748,60.28243076,0.091139218,4.047933339
0.8175088,1.074969458,1.000045721,4.6669,4.38E-05,0.253729525,60.23684068,0.091265653,4.016619869
0.8188312,1.07503979,1.00004569,4.6669,4.37E-05,0.253745452,60.19023749,0.091202213,3.985172348
0.8201536,1.075112005,1.000045658,4.6669,4.37E-05,0.256534306,60.14097487,0.091518284,3.950257287
0.821476,1.075184333,1.000045609,4.6669,4.40E-05,0.259325339,60.08702662,0.091518456,3.91959953
0.8227984,1.075256559,1.000045575,4.6669,4.41E-05,0.262114369,60.03662426,0.09126535,3.885712481
0.8241208,1.075328787,1.000045541,4.6669,4.41E-05,0.264903475,59.98571534,0.091138885,3.853132793
0.8254432,1.060749901,1.000039528,4.6669,4.03E-05,0.199297397,56.78442617,0.086585143,3.498904297
0.8267656,1.063008852,1.000040359,4.6669,3.97E-05,0.209959255,56.24962967,0.086959971,3.821195772
0.828088,1.060582299,1.000039315,4.6669,4.00E-05,0.198382442,56.42375797,0.084871779,3.439581067
0.8294104,1.063154202,1.000040277,4.6669,3.99E-05,0.20874861,55.88921475,0.086959632,3.760077258
0.8307328,1.04966949,1.00003172,4.6669,3.99E-05,0.191373327,64.97213863,0.083604421,3.400389126
0.8320552,1.06329953,1.000040195,4.6669,3.99E-05,0.207833642,55.53006623,0.086959298,3.699003445
0.8333776,1.047794564,1.000030353,4.6669,3.98E-05,0.190461703,64.56676691,0.083920685,3.341721448
0.8347,1.061203536,1.000039752,4.6669,4.05E-05,0.208165813,52.36978377,0.089055298,3.251105369
0.8360224,1.063430307,1.000040155,4.6669,3.96E-05,0.222128405,52.99233939,0.08886515,3.563344005
0.8373448,1.063484251,1.000040151,4.6669,3.91E-05,0.223501827,52.93839113,0.088865224,3.604419708
0.8386672,1.061425037,1.000039589,4.6669,3.96E-05,0.20698866,52.23782569,0.088991295,3.169981471
0.8399896,1.061498996,1.000039551,4.6669,3.96E-05,0.206533366,52.1822311,0.089307654,3.141405601
0.841312,1.06157296,1.000039599,4.6669,3.99E-05,0.206076765,52.14651881,0.08905414,3.113712479
0.8426344,1.061646926,1.00003956,4.6669,3.99E-05,0.205621234,52.09016438,0.089370503,3.085270699
0.8439568,1.061720914,1.000039522,4.6669,3.99E-05,0.205162148,52.03482307,0.089053672,3.056743253
0.8452792,1.061794868,1.0000394,4.6669,3.98E-05,0.20471134,51.96099246,0.08918008,3.027534193
0.8466016,1.061868845,1.000039362,4.6669,4.01E-05,0.204255484,51.90539787,0.089433128,2.99956545
0.847924,1.061950153,1.000039564,4.6669,4.01E-05,0.206647482,52.15348351,0.089560138,3.111551654
0.8492464,1.050391901,1.000031387,4.6669,4.12E-05,0.195390708,54.08979913,0.085312672,3.115159608
0.8505688,1.062086309,1.000039505,4.6669,3.98E-05,0.216062903,52.20603859,0.090510639,3.02778398
0.8518912,1.048518889,1.000030054,4.6669,4.17E-05,0.194420975,53.74179487,0.085185716,3.059147639
0.8532136,1.062235456,1.000039581,4.6669,4.03E-05,0.214661468,52.15348323,0.090510169,2.973556113
0.854536,1.054959097,1.000034633,4.6669,4.25E-05,0.196688768,53.79827541,0.079296749,3.273230756
0.8558584,1.045706932,1.000028073,4.6669,4.12E-05,0.192964589,53.28310796,0.085501843,2.977714618
0.8571808,1.061835332,1.000039265,4.6669,4.06E-05,0.211741404,51.73291539,0.090573217,2.890365416
0.8585032,1.051214495,1.000032027,4.6669,4.16E-05,0.197212538,44.96065102,0.086008609,2.898763687
0.8598256,1.049429502,1.000031015,4.6669,4.15E-05,0.196129686,45.07158694,0.085692248,2.867778356
0.861148,1.047647068,1.000029996,4.6669,4.13E-05,0.195048674,45.05993636,0.085439208,2.832919366
0.8624704,1.045862063,1.000028966,4.6669,4.12E-05,0.193965743,45.17074564,0.085756046,2.801490804
0.8637928,1.059108167,1.000038255,4.6669,4.00E-05,0.205706356,50.43182841,0.089814395,2.733833492
0.8651152,1.041813714,1.000026974,4.6669,4.18E-05,0.188989637,54.60395353,0.078348513,3.045282189
0.8664376,1.040504429,1.000025819,4.6669,4.05E-05,0.19071584,45.6261399,0.084110477,2.708281563
0.86776,1.038719401,1.000024753,4.6669,4.04E-05,0.189633158,45.7373291,0.084743922,2.675500954
0.8690824,1.025300897,1.000016433,4.6669,3.61E-05,0.181447402,38.02096902,0.081709059,2.169057697
0.8704048,1.026077802,1.000016498,4.6669,4.28E-05,0.181059626,54.59065724,0.083921599,2.621835785
0.8717272,1.022837874,0.999930607,4.6669,4.08E-05,0.177643107,83.73510246,0.073674121,3.526509193
0.8730496,1.048175917,0.999995204,4.6669,3.89E-05,0.183970158,93.09473211,0.072343495,3.753628129
0.874372,1.050412828,0.999994982,4.6669,4.14E-05,0.196243264,73.40909017,0.059043905,3.723138797
0.8756944,1.000673047,1.000000313,4.6669,3.08E-05,0.159031523,55.31655366,0.073039998,1.83220821
0.8770168,0.997962301,0.997954128,4.6669,3.07E-05,0.158894159,55.44610552,0.07342016,1.835951712
0.8783392,0.998936244,0.970694764,4.6669,3.08E-05,0.158768678,66.79156013,0.066453383,2.166522036
0.8796616,1.011853223,1.000005763,4.6669,3.14E-05,0.164000479,46.76146,0.082911177,1.742231393
0.880984,1.00933103,1.000004555,4.6669,3.11E-05,0.163370832,46.97041448,0.083481303,1.718538988
0.8823064,1.006617736,1.000003253,4.6669,3.10E-05,0.162511797,47.07932419,0.084114757,1.692544742
0.8836288,1.007591077,0.978923477,4.6669,3.17E-05,0.158937667,65.23529361,0.064616517,2.122920525
0.8849512,1.015423181,1.000007648,4.6669,3.47E-05,0.166027517,46.85605926,0.082974279,1.825455307
0.8862736,1.009858461,0.981782021,4.6669,3.13E-05,0.159331059,63.40092884,0.064300406,2.06182133
0.887596,1.012660186,0.984024294,4.6669,3.18E-05,0.159324832,57.41179327,0.066136917,1.891752859
0.8889184,1.015446664,0.986516454,4.6669,3.19E-05,0.159258893,54.91573975,0.066959297,1.822459154
0.8902408,1.017410486,0.988347697,4.6669,3.18E-05,0.15935918,55.04731782,0.067466086,1.827636638
0.8915632,0.968784412,0.968782305,4.6669,2.78E-05,0.140211812,85.77296182,0.048467298,2.566099102
0.8928856,1.020503382,0.991610829,4.6669,3.38E-05,0.159651632,54.70551864,0.064552575,1.81351576
0.894208,1.022464726,0.993441453,4.6669,3.38E-05,0.159751795,54.75870709,0.06512255,1.815918255
0.8955304,1.025268938,0.995950515,4.6669,3.36E-05,0.159684751,54.88015404,0.06594594,1.823609896
0.8968528,1.028057339,0.998445261,4.6669,3.37E-05,0.16135694,46.20792023,0.085506553,1.628728653
0.8981752,1.02919656,0.999615417,4.6669,3.29E-05,0.159884727,55.14394338,0.06683388,1.833227377
0.8994976,1.031154362,0.999996981,4.6669,3.24E-05,0.165624416,37.40854119,0.084875749,1.47842075
0.90082,1.033118135,0.999996788,4.6669,3.31E-05,0.165646214,37.49541573,0.08487606,1.436980343
0.9021424,1.035081833,0.999996595,4.6669,3.33E-05,0.165086804,37.58760911,0.085699502,1.404918617
0.9034648,1.037045457,0.999996402,4.6669,3.30E-05,0.164332082,37.58545647,0.08633298,1.373266591
0.9047872,1.039009367,0.999996209,4.6669,3.26E-05,0.16357648,37.76161147,0.087219739,1.346635429
0.9061096,1.040972376,0.999996017,4.6669,3.76E-05,0.168201903,53.45825724,0.070692578,1.984963491
0.907432,1.042941987,0.999995822,4.6669,3.30E-05,0.163659549,66.8403194,0.072408204,2.193227198
0.9087544,1.044899475,0.999995631,4.6669,3.79E-05,0.173209515,47.29220751,0.076335285,1.986487002
0.9100768,1.046862974,0.999995437,4.6669,3.77E-05,0.175223693,47.27498485,0.067027208,2.039135307
0.9113992,1.113047109,0.999988483,4.6669,3.76E-05,0.200577072,38.87451726,0.079936979,2.259982631
0.9127216,1.051661752,0.999994961,4.6669,3.74E-05,0.177964928,38.91339526,0.077031485,1.897612535
0.914044,1.053629177,0.999994766,4.6669,3.74E-05,0.179966653,38.99849688,0.076334939,1.965345775
0.9153664,1.119757954,0.999987773,4.6669,3.65E-05,0.193758826,48.16816798,0.077031264,2.209907308
0.9166888,1.121994901,0.999987534,4.6669,3.67E-05,0.194006954,48.02443252,0.077980952,2.173811347
0.9180112,1.12423185,0.999987301,4.6669,3.55E-05,0.18938521,57.70509309,0.085636594,2.353604858
0.9193336,1.060619832,0.99999406,4.6669,3.38E-05,0.170764074,56.87611424,0.062586871,1.932101841
0.920656,1.128705742,0.999986818,4.6669,3.66E-05,0.193438397,49.11833914,0.086206363,2.143067508
0.9219784,1.065443825,0.999993573,4.6669,3.65E-05,0.175760069,47.66629707,0.086522979,1.786210079
0.9233008,1.069970597,0.999993121,4.6669,3.52E-05,0.175089083,47.95364107,0.071261412,1.866216082
0.9246232,1.135416582,0.999986108,4.6669,3.54E-05,0.193704689,47.81370478,0.086712835,2.169102821
0.9259456,1.071352866,0.999992984,4.6669,3.52E-05,0.171336897,56.35942585,0.038886766,1.874342023
0.927268,1.073320395,0.999992786,4.6669,3.54E-05,0.171882487,56.46972856,0.038380279,1.885825345
0.9285904,1.075284667,0.999992595,4.6669,3.42E-05,0.175113518,47.63539699,0.069938458,1.826611257
0.9299128,1.144364383,0.999985139,4.6669,3.58E-05,0.194318194,47.17531686,0.073484252,2.008579985
0.9312352,1.080997066,0.999992011,4.6669,3.46E-05,0.173505666,56.11957127,0.022176716,1.971257379
0.9325576,1.082968339,0.999991822,4.6669,3.50E-05,0.174050859,47.33298255,0.035365086,1.863853551
0.93388,1.08315852,0.999991799,4.6669,3.43E-05,0.174626301,56.26533314,0.079689598,1.991717381
0.9352024,1.08778189,0.999991322,4.6669,3.44E-05,0.175173257,56.39868417,0.080576305,2.018121777
0.9365248,1.088004269,0.999991311,4.6669,3.61E-05,0.179116314,47.56587226,0.060060024,1.940191185
0.9378472,1.089975282,0.999991112,4.6669,3.60E-05,0.181283673,47.67376887,0.058856853,2.007134792
0.9391696,1.091946988,0.999990906,4.6669,3.51E-05,0.177839841,56.9116992,0.056957167,2.084313382
0.940492,1.093917282,0.999990712,4.6669,3.59E-05,0.185644539,47.86512078,0.055247443,2.141234317
0.9418144,1.095888281,0.999990512,4.6669,3.59E-05,0.187811252,47.97365059,0.054234231,2.208911687
0.9431368,1.097860033,0.999990305,4.6669,3.73E-05,0.184307241,57.13141846,0.0855091,2.290384829
0.9444592,1.099826871,0.999990107,4.6669,3.55E-05,0.201091491,38.94936092,0.052840988,2.346762433
0.9457816,1.101801259,0.999989916,4.6669,3.61E-05,0.191353486,48.29708716,0.029532529,2.411824583
0.947104,1.10376882,0.999989705,4.6669,3.55E-05,0.205309176,39.11956415,0.049548178,2.481960747
0.9484264,1.105746669,0.9999895,4.6669,3.76E-05,0.192459415,57.80133938,0.020034453,2.550937115
0.9497488,1.107717657,0.999989298,4.6669,3.77E-05,0.194567597,57.93190437,0.01598193,2.618897562
0.9510712,1.109688644,0.999989096,4.6669,3.77E-05,0.196674523,58.06284928,0.012309324,2.68719323
0.9523936,1.111659629,0.999988894,4.6669,3.77E-05,0.198781704,58.19303435,0.007370329,2.755287766
0.953716,1.113623629,0.999988696,4.6669,3.56E-05,0.215853539,40.13140148,0.039156614,2.822399928
0.9550384,1.116534617,0.999988392,4.6669,3.64E-05,0.20845661,49.16684513,-0.000561728,2.896315648
0.9563608,1.117565526,0.999988291,4.6669,3.56E-05,0.220071341,43.95399799,0.032317959,2.959084395
0.9576832,1.119536468,0.999988088,4.6669,3.56E-05,0.222180259,45.86561284,0.028645354,3.027469464
0.9590056,1.121514481,0.99998788,4.6669,3.67E-05,0.209317123,58.84674579,-0.006323855,3.097119962
0.960328,1.123485442,0.999987677,4.6669,3.58E-05,0.21142423,58.97667759,-0.006133935,3.165698709
0.9616504,1.125456398,0.999987473,4.6669,3.53E-05,0.213531346,59.10774915,-0.006007334,3.23442272
0.9629728,1.127420205,0.999987274,4.6669,3.52E-05,0.230616009,53.52650909,0.01344838,3.301832896
0.9642952,1.129391133,0.99998707,4.6669,3.42E-05,0.23272497,55.4438227,0.009269221,3.37047497
0.9656176,1.131365657,0.999986859,4.6669,3.51E-05,0.225228322,50.18362064,0.007622851,3.446104056
0.96694,1.133340187,0.999986657,4.6669,3.53E-05,0.221959893,59.63051571,-0.005374291,3.509352289
0.9682624,1.135311123,0.999986466,4.6669,3.53E-05,0.222092638,59.76095408,-0.005374327,3.57816564
0.9695848,1.137282062,0.999986247,4.6669,3.54E-05,0.226187299,59.89151909,-0.00493113,3.6478395
0.9709072,1.13924935,0.999986037,4.6669,3.46E-05,0.236052831,58.88447596,-0.005057809,3.713878553
0.9722296,1.141223917,0.999985851,4.6669,3.52E-05,0.228780139,60.15366222,-0.004867883,3.785272575
0.973552,1.143191168,0.999985651,4.6669,3.45E-05,0.235645261,50.75032952,-0.00493124,3.850935402
0.9748744,1.145165757,0.99998544,4.6669,3.52E-05,0.233237891,60.41453897,-0.004677999,3.923748615
0.9761968,1.147136675,0.999985227,4.6669,3.52E-05,0.235552817,60.54510398,-0.004424759,3.998826955
0.9775192,1.149107585,0.999985029,4.6669,3.52E-05,0.237695675,60.67655547,-0.004488115,4.062474212
0.9788416,1.151078494,0.999984822,4.6669,3.51E-05,0.23992458,60.80661393,-0.004298193,4.131905917
0.980164,1.153049399,0.999984608,4.6669,3.52E-05,0.242286463,60.93768551,-0.003981633,4.207237537
0.9814864,1.155020304,0.999984409,4.6669,3.51E-05,0.244379635,61.06799725,-0.00404499,4.271748918
0.9828088,1.156987453,0.999984208,4.6669,3.42E-05,0.250389088,63.25491208,-0.003791747,4.336238495
0.9841312,1.158958334,0.999983974,4.6669,3.41E-05,0.258351888,78.42866417,-0.003918426,4.407070794
0.9854536,1.160929214,0.999983784,4.6669,3.41E-05,0.261329862,72.33467127,-0.003855142,4.477902916
0.986776,1.162892516,0.9999836,4.6669,3.09E-05,0.265717124,84.90384011,-0.003728538,4.543517877
0.9880984,1.164870958,0.999983369,4.6669,3.40E-05,0.267338289,76.09116226,-0.035182278,4.615034368
0.9894208,1.168870018,0.999982945,4.6669,3.40E-05,0.263144868,72.14673886,-0.048669403,4.694597144
0.9907432,1.170847771,0.999982736,4.6669,3.37E-05,0.266121276,74.01478992,-0.003475371,4.771817154
0.9920656,1.170775873,0.99998277,4.6669,3.11E-05,0.275773966,91.99334145,-0.002968848,4.827852323
0.993388,1.173788479,0.999982404,4.6669,3.26E-05,0.289184288,102.396731,-0.006435533,4.898769761
0.9947104,1.175762814,0.999982229,4.6669,3.25E-05,0.278145519,87.3170715,-0.003158894,4.978883694
0.9960328,1.176688354,0.999982145,4.6669,3.13E-05,0.283458449,97.34155731,-0.003776261,5.044297064
0.9973552,1.178659176,0.999981936,4.6669,3.14E-05,0.286027572,99.1170353,-0.004726127,5.116604232
0.9986776,1.181685801,0.999981575,4.6669,3.20E-05,0.300737428,105.4650658,-0.002715776,5.20085596
1,1.180407203,0.999981746,4.6669,3.30E-05,0.296536363,101.1302145,-0.005486111,5.245745752
